1745645269063 0.8220833333333334 0
1745645279082 0.8424 1
1745645289174 0.8505666666666667 2
1745645299332 0.84015 3
1745645310299 0.8552333333333333 4
1745645320863 0.8542833333333333 5
1745645331054 0.8594833333333334 6
1745645341752 0.8570833333333333 7
1745645351943 0.845 8
1745645362291 0.85775 9
1745645372452 0.8377166666666667 10
1745645382497 0.8442 11
1745645392763 0.8619833333333333 12
1745645402983 0.85755 13
1745645413081 0.8498333333333333 14
1745645423231 0.8598 15
1745645433337 0.8630666666666666 16
1745645443432 0.8665166666666667 17
1745645453540 0.8660333333333333 18
1745645463652 0.8638833333333333 19
1745645473751 0.8575666666666667 20
1745645483851 0.8637833333333333 21
1745645494036 0.8681333333333333 22
1745645504123 0.8644166666666667 23
1745645514220 0.8659166666666667 24
1745645524383 0.8722666666666666 25
1745645534813 0.8685166666666667 26
1745645545025 0.86985 27
1745645555333 0.8766666666666667 28
1745645565848 0.8704833333333334 29
1745645576633 0.8723666666666666 30
1745645587741 0.8700666666666667 31
1745645599097 0.8669166666666667 32
1745645610974 0.8715666666666667 33
1745645625671 0.8672333333333333 34
1745645640306 0.8683166666666666 35
1745645652570 0.8731833333333333 36
1745645664827 0.8776666666666667 37
1745645677000 0.8722333333333333 38
1745645689374 0.8757333333333334 39
1745645702141 0.8728166666666667 40
1745645715358 0.8598166666666667 41
1745645729051 0.8727666666666667 42
1745645744023 0.8646 43
1745645759410 0.8776 44
1745645775165 0.8668 45
1745645790203 0.8713333333333333 46
1745645805723 0.8728666666666667 47
1745645820989 0.8766833333333334 48
1745645835667 0.8794833333333333 49
