1745645269061 0.8266209264437357 0
1745645279080 0.5716176102320353 1
1745645289172 0.5543219520092011 2
1745645299330 0.5314924573938052 3
1745645310297 0.537215992295742 4
1745645320861 0.532337968993187 5
1745645331052 0.5172493056297303 6
1745645341751 0.5166683050235112 7
1745645351941 0.5089825006484985 8
1745645362288 0.5064366737484932 9
1745645372449 0.5168585215568543 10
1745645382495 0.49746624173720677 11
1745645392762 0.5054396375060082 12
1745645402981 0.5059194605509441 13
1745645413079 0.48400806754827497 14
1745645423229 0.4951706937034925 15
1745645433336 0.4867740037083626 16
1745645443431 0.48257965094645816 17
1745645453538 0.4724714853445689 18
1745645463650 0.4901367916623751 19
1745645473749 0.47802293512026467 20
1745645483849 0.4787552514473597 21
1745645494034 0.4766822897275289 22
1745645504121 0.4903943320910136 23
1745645514218 0.48602495272159574 24
1745645524381 0.4756249221165975 25
1745645534811 0.47432928793827694 26
1745645545023 0.48263900048732755 27
1745645555332 0.4672186364412308 28
1745645565846 0.4885360638697942 29
1745645576631 0.4728184327383836 30
1745645587738 0.48052015399535497 31
1745645599095 0.46936427856286367 32
1745645610973 0.46644124876260756 33
1745645625669 0.4797027622938156 34
1745645640303 0.4961253832101822 35
1745645652568 0.45527593536376953 36
1745645664825 0.4676103731433551 37
1745645676998 0.47967145981391274 38
1745645689372 0.4697193300863107 39
1745645702139 0.47701807018121084 40
1745645715356 0.4636324237704277 41
1745645729049 0.4761035371740659 42
1745645744020 0.48897175224423406 43
1745645759409 0.46757422803640364 44
1745645775165 0.4602397025267283 45
1745645790202 0.4586063743472099 46
1745645805723 0.4521917340358098 47
1745645820989 0.4624977784236272 48
1745645835667 0.46794960883458453 49
